Start Kmeans:======
1
9
2
60
3
1
4
7
5
34
6
5
7
7
8
83
9
4
10
2
11
37
12
1
13
11
14
38
15
3
16
7
17
69
18
1
19
9
20
14
21
4
22
2
23
39
24
3
25
7
26
86
27
0
28
2
29
72
30
0
31
2
32
77
33
1
34
11
35
88
36
3
37
2
38
68
39
3
40
2
41
29
42
1
43
1
44
1
45
1
46
1
47
1
48
31
49
1
50
1
51
1
52
1
53
9
54
6
55
1
56
1
57
1
58
1
59
1
60
1
61
33
62
1
63
1
64
1
65
1
66
7
67
6
68
1
69
9
70
40
71
5
72
7
73
55
74
0
75
2
76
51
77
1
78
2
79
25
80
0
81
7
82
35
83
5
84
9
85
63
86
0
87
11
88
46
89
0
90
2
91
48
92
1
93
2
94
36
95
1
96
2
97
58
98
1
99
2
100
23
101
5
102
2
103
74
104
0
105
9
106
16
107
0
108
2
109
26
110
1
111
11
112
28
113
1
114
2
115
79
116
3
117
7
118
30
119
1
120
9
121
82
122
0
123
13
124
81
125
4
126
2
127
89
128
0
129
9
130
50
131
0
132
7
133
19
134
5
135
1
136
1
137
1
138
1
139
1
140
80
141
1
142
1
143
1
144
1
145
12
146
66
147
1
148
7
149
71
150
3
151
9
152
84
153
0
154
2
155
27
156
1
157
2
158
10
159
0
160
7
161
78
162
65
163
2
164
76
165
0
166
2
167
18
168
0
169
1
170
1
171
1
172
1
173
1
174
8
175
1
176
1
177
1
178
1
179
7
180
85
181
1
182
9
183
15
184
1
185
9
186
41
187
0
188
9
189
20
190
1
191
2
192
70
193
0
194
13
195
18
196
3
197
1
198
1
199
1
200
1
201
1
202
87
203
1
204
1
205
1
206
1
207
2
208
6
209
1
210
2
211
64
212
0
213
9
214
45
215
3
216
2
217
73
218
1
219
9
220
42
221
0
222
2
223
75
224
1
225
7
226
22
227
0
228
2
229
43
230
0
231
2
232
47
233
0
234
11
235
53
236
5
237
9
238
57
239
1
240
9
241
62
242
1
243
11
244
1
245
3
246
2
247
1
248
54
249
7
250
49
251
0
252
2
253
1
254
5
255
2
256
1
257
4
258
9
259
56
260
3
261
2
262
67
263
0
264
7
265
59
266
1
267
1
268
1
269
1
270
1
271
1
272
52
273
1
274
1
275
1
276
1
277
13
278
6
279
1
280
2
281
21
282
0
283
7
284
44
285
0
286
7
287
24
288
0
289
1
290
1
291
1
292
1
293
1
294
17
295
1
296
1
297
1
298
1
299
11
300
6
301
1
302
9
303
1
304
0
305
9
306
61
307
5
308
7
309
32
310
1
311
1
